<?xml version="1.0"?>
<opencv_storage>
<camera_matrix type_id="opencv-matrix">
  <rows>3</rows>
  <cols>3</cols>
  <dt>d</dt>
  <data>
    1.1701055157617379e+03 0. 9.3855416841068768e+02 0.
    1.1724948710223209e+03 5.1644713143009096e+02 0. 0. 1.</data></camera_matrix>
</opencv_storage>
