<?xml version="1.0"?>
<opencv_storage>
<dist_coeffs type_id="opencv-matrix">
  <rows>1</rows>
  <cols>5</cols>
  <dt>d</dt>
  <data>
    -1.2368083809109249e-02 4.2676264133166511e-02
    -6.8219856274410323e-03 5.8438688401926103e-03
    -4.2965111234046685e-02</data></dist_coeffs>
</opencv_storage>
